$ANSIBLE_VAULT;1.1;AES256
31313232333562313933323631363436333932393631653931653535366439303765346262393632
6338633964313135346464653436363064386537346336350a653336653861633630396365663761
64656262323138613730323935656635623935353034373034336263623638643462336531323463
6435346662633362300a663535656437333664323137646562323966666238393765616333626166
61663734393934303233366431373264373935613665623263386165643139393333633434363239
61313632393233626639393265646136373165663839643437336266376332323664656237353462
38306261313433616263623130333735336238623563636439643134356436666532356161616233
62633664646361323861383333376139343632383662663436653632333235383032373734396234
64326564633134356237313133326535666333643863613365653732313666343937633637663262
61353639636364316664633662653138363764653835663335383339303632396136363030303263
64396532613330643963653532353830353631636562356162303832343065393166353730336435
31613232333261353666386439333730613735623561346164643066323063343533663365656339
31396632333437373332333462653233663964656331383739333939633234303137336165303265
65393763323034613065626638613364343664623061323337323361643033356234613335666661
61383766613238613337373765363339353930663261303734633466376137663863626635663164
35636139333736643137363432353464343836383364336631636336613638376532623130383931
66613536663733636335303235633661353466613361393632393831623039666563
